   1.0780000e+00
   1.1000000e+00
   1.0970000e+00
   1.0780000e+00
   1.0620000e+00
   1.0500000e+00
   1.0920000e+00
   1.0660000e+00
   1.0140000e+00
   9.9800000e-01
   1.0090000e+00
   1.0080000e+00
   1.0270000e+00
   1.0470000e+00
   1.0780000e+00
   1.1060000e+00
   1.1550000e+00
   1.1440000e+00
   1.1140000e+00
   1.1190000e+00
   1.1290000e+00
   1.1300000e+00
   1.1200000e+00
   1.1190000e+00
   1.1570000e+00
   1.2250000e+00
   1.2390000e+00
   1.2010000e+00
   1.1700000e+00
   1.1580000e+00
   1.1340000e+00
   1.1090000e+00
   1.1180000e+00
   1.1370000e+00
   1.1360000e+00
   1.1830000e+00
   1.2750000e+00
   1.3240000e+00
   1.3000000e+00
   1.2720000e+00
   1.2510000e+00
   1.2470000e+00
   1.2490000e+00
   1.2780000e+00
   1.2820000e+00
   1.2830000e+00
   1.2760000e+00
   1.2510000e+00
   1.2440000e+00
   1.2450000e+00
   1.2420000e+00
   1.2200000e+00
   1.2680000e+00
   1.2760000e+00
   1.2420000e+00
   1.2160000e+00
   1.1770000e+00
   1.1320000e+00
   1.0960000e+00
   1.0640000e+00
   1.0770000e+00
   1.1050000e+00
   1.1030000e+00
   1.0940000e+00
   1.0650000e+00
   1.0490000e+00
   1.0590000e+00
   1.0360000e+00
   9.8700000e-01
   9.8000000e-01
   9.6200000e-01
   1.0220000e+00
   1.1710000e+00
   1.1710000e+00
   1.1540000e+00
   1.1970000e+00
   1.2600000e+00
   1.2950000e+00
   1.2850000e+00
   1.2920000e+00
   1.3130000e+00
   1.3290000e+00
   1.4150000e+00
   1.5560000e+00
   1.5060000e+00
   1.5260000e+00
   1.6660000e+00
   1.5910000e+00
   1.5060000e+00
   1.5880000e+00
   1.5710000e+00
   1.5570000e+00
   1.4830000e+00
   1.4870000e+00
   1.4900000e+00
   1.4500000e+00
   1.5910000e+00
   1.7380000e+00
   1.6580000e+00
   1.4660000e+00
   1.4610000e+00
   1.5570000e+00
   1.3570000e+00
   1.2120000e+00
   1.1270000e+00
   1.1480000e+00
   1.1550000e+00
   1.2890000e+00
   1.4390000e+00
   1.4340000e+00
   1.4240000e+00
   1.4380000e+00
   1.4380000e+00
   1.4410000e+00
   1.4860000e+00
   1.4610000e+00
   1.4290000e+00
   1.5000000e+00
   1.6550000e+00
   1.7340000e+00
   1.6330000e+00
   1.5390000e+00
   1.5330000e+00
   1.5540000e+00
   1.6610000e+00
   1.7210000e+00
   1.6060000e+00
   1.5550000e+00
   1.5220000e+00
   1.6140000e+00
   1.6900000e+00
   1.7780000e+00
   1.8390000e+00
   2.0230000e+00
   2.0130000e+00
   1.9540000e+00
   1.9200000e+00
   1.9120000e+00
   2.0420000e+00
   2.0230000e+00
   1.8870000e+00
   1.8750000e+00
   1.9530000e+00
   2.1200000e+00
   2.2850000e+00
   2.2050000e+00
   2.1980000e+00
   2.3330000e+00
   2.5290000e+00
   2.9510000e+00
   2.7650000e+00
   2.3030000e+00
   2.2290000e+00
   2.3600000e+00
   2.3260000e+00
   2.4680000e+00
   2.7870000e+00
   2.9530000e+00
   2.9300000e+00
   3.0250000e+00
   2.9990000e+00
   2.6060000e+00
   2.2930000e+00
   2.2750000e+00
   2.3590000e+00
   2.2890000e+00
   2.3230000e+00
   2.6090000e+00
   2.8910000e+00
   3.1870000e+00
   3.1020000e+00
   3.0110000e+00
   2.8340000e+00
   2.8490000e+00
   2.8530000e+00
   3.1280000e+00
   3.0700000e+00
   3.0950000e+00
   3.0780000e+00
   3.2930000e+00
   3.5070000e+00
   3.8150000e+00
   4.1050000e+00
   4.1140000e+00
   3.8330000e+00
   3.7560000e+00
   3.1120000e+00
   2.2080000e+00
   1.7450000e+00
   1.8400000e+00
   1.9750000e+00
   2.0110000e+00
   2.1020000e+00
   2.3160000e+00
   2.6810000e+00
   2.5820000e+00
   2.6700000e+00
   2.6090000e+00
   2.6050000e+00
   2.7060000e+00
   2.6630000e+00
   2.7690000e+00
   2.6990000e+00
   2.8240000e+00
   2.9000000e+00
   2.8900000e+00
   2.7850000e+00
   2.7820000e+00
   2.7830000e+00
   2.7570000e+00
   2.8530000e+00
   2.9130000e+00
   3.0480000e+00
   3.1480000e+00
   3.2640000e+00
   3.6150000e+00
   3.8520000e+00
   3.9600000e+00
   3.7350000e+00
   3.7050000e+00
   3.6960000e+00
   3.6670000e+00
   3.5060000e+00
   3.4430000e+00
   3.3260000e+00
   3.4400000e+00
   3.6400000e+00
   3.9070000e+00
   3.9580000e+00
   3.7910000e+00
   3.5960000e+00
   3.4980000e+00
   3.7800000e+00
   3.9100000e+00
   3.8120000e+00
   3.5210000e+00
   3.3810000e+00
   3.3910000e+00
   3.7360000e+00
   3.7790000e+00
   3.6380000e+00
   3.6750000e+00
   3.6890000e+00
   3.6610000e+00
   3.6450000e+00
   3.6040000e+00
   3.4200000e+00
   3.3220000e+00
   3.3570000e+00
   3.3920000e+00
   3.4340000e+00
   3.6060000e+00
   3.7350000e+00
   3.7500000e+00
   3.7660000e+00
   3.6880000e+00
   3.5650000e+00
   3.4840000e+00
   3.2550000e+00
   2.9970000e+00
   2.6320000e+00
   2.2080000e+00
   2.3010000e+00
   2.5460000e+00
   2.5550000e+00
   2.8020000e+00
   2.8850000e+00
   2.8800000e+00
   2.7260000e+00
   2.4620000e+00
   2.3870000e+00
