   1.0680000e+00
   1.0790000e+00
   1.0790000e+00
   1.0860000e+00
   1.0860000e+00
   1.0970000e+00
   1.1060000e+00
   1.1060000e+00
   1.1070000e+00
   1.1040000e+00
   1.1010000e+00
   1.0950000e+00
   1.0890000e+00
   1.0860000e+00
   1.0810000e+00
   1.0750000e+00
   1.0690000e+00
   1.0620000e+00
   1.0600000e+00
   1.0590000e+00
   1.0650000e+00
   1.0620000e+00
   1.0550000e+00
   1.0510000e+00
   1.0450000e+00
   1.0470000e+00
   1.0920000e+00
   1.0900000e+00
   1.0930000e+00
   1.0920000e+00
   1.0840000e+00
   1.0750000e+00
   1.0640000e+00
   1.0580000e+00
   1.0510000e+00
   1.0360000e+00
   1.0180000e+00
   1.0030000e+00
   9.9900000e-01
   9.9200000e-01
   9.9500000e-01
   1.0010000e+00
   9.9900000e-01
   1.0050000e+00
   1.0070000e+00
   1.0160000e+00
   1.0090000e+00
   1.0040000e+00
   1.0070000e+00
   1.0050000e+00
   1.0070000e+00
   1.0120000e+00
   1.0110000e+00
   1.0280000e+00
   1.0330000e+00
   1.0370000e+00
   1.0400000e+00
   1.0450000e+00
   1.0460000e+00
   1.0500000e+00
   1.0560000e+00
   1.0650000e+00
   1.0730000e+00
   1.0790000e+00
   1.0950000e+00
   1.0970000e+00
   1.1030000e+00
   1.1090000e+00
   1.1140000e+00
   1.1300000e+00
   1.1570000e+00
   1.1610000e+00
   1.1650000e+00
   1.1610000e+00
   1.1560000e+00
   1.1500000e+00
   1.1400000e+00
   1.1290000e+00
   1.1200000e+00
   1.1140000e+00
   1.1060000e+00
   1.1070000e+00
   1.1210000e+00
   1.1230000e+00
   1.1220000e+00
   1.1130000e+00
   1.1170000e+00
   1.1270000e+00
   1.1310000e+00
   1.1340000e+00
   1.1250000e+00
   1.1270000e+00
   1.1340000e+00
   1.1260000e+00
   1.1320000e+00
   1.1310000e+00
   1.1240000e+00
   1.1210000e+00
   1.1150000e+00
   1.1210000e+00
   1.1230000e+00
   1.1160000e+00
   1.1140000e+00
   1.1210000e+00
   1.1330000e+00
   1.1490000e+00
   1.1630000e+00
   1.1840000e+00
   1.1940000e+00
   1.2160000e+00
   1.2260000e+00
   1.2440000e+00
   1.2460000e+00
   1.2460000e+00
   1.2430000e+00
   1.2360000e+00
   1.2290000e+00
   1.2220000e+00
   1.2120000e+00
   1.2000000e+00
   1.1910000e+00
   1.1790000e+00
   1.1740000e+00
   1.1720000e+00
   1.1710000e+00
   1.1630000e+00
   1.1600000e+00
   1.1580000e+00
   1.1570000e+00
   1.1560000e+00
   1.1510000e+00
   1.1440000e+00
   1.1330000e+00
   1.1250000e+00
   1.1150000e+00
   1.1120000e+00
   1.1090000e+00
   1.1060000e+00
   1.1070000e+00
   1.1080000e+00
   1.1100000e+00
   1.1240000e+00
   1.1280000e+00
   1.1290000e+00
   1.1390000e+00
   1.1450000e+00
   1.1380000e+00
   1.1330000e+00
   1.1300000e+00
   1.1260000e+00
   1.1330000e+00
   1.1530000e+00
   1.1700000e+00
   1.1710000e+00
   1.1810000e+00
   1.2100000e+00
   1.2230000e+00
   1.2480000e+00
   1.2870000e+00
   1.3010000e+00
   1.3180000e+00
   1.3210000e+00
   1.3230000e+00
   1.3300000e+00
   1.3210000e+00
   1.3150000e+00
   1.3070000e+00
   1.3020000e+00
   1.2890000e+00
   1.2790000e+00
   1.2760000e+00
   1.2730000e+00
   1.2720000e+00
   1.2630000e+00
   1.2530000e+00
   1.2480000e+00
   1.2490000e+00
   1.2530000e+00
   1.2420000e+00
   1.2470000e+00
   1.2500000e+00
   1.2510000e+00
   1.2450000e+00
   1.2390000e+00
   1.2480000e+00
   1.2490000e+00
   1.2600000e+00
   1.2680000e+00
   1.2720000e+00
   1.2820000e+00
   1.2890000e+00
   1.2870000e+00
   1.2870000e+00
   1.2830000e+00
   1.2780000e+00
   1.2740000e+00
   1.2720000e+00
   1.2870000e+00
   1.2870000e+00
   1.2840000e+00
   1.2820000e+00
   1.2800000e+00
   1.2730000e+00
   1.2700000e+00
   1.2610000e+00
   1.2530000e+00
   1.2460000e+00
   1.2500000e+00
   1.2460000e+00
   1.2480000e+00
   1.2440000e+00
   1.2450000e+00
   1.2400000e+00
   1.2380000e+00
   1.2380000e+00
   1.2470000e+00
   1.2550000e+00
   1.2580000e+00
   1.2510000e+00
   1.2420000e+00
   1.2320000e+00
   1.2260000e+00
   1.2220000e+00
   1.2190000e+00
   1.2220000e+00
   1.2160000e+00
   1.2370000e+00
   1.2720000e+00
   1.2740000e+00
   1.2880000e+00
   1.2870000e+00
   1.2880000e+00
   1.2810000e+00
   1.2690000e+00
   1.2550000e+00
   1.2540000e+00
   1.2480000e+00
   1.2380000e+00
   1.2280000e+00
   1.2210000e+00
   1.2220000e+00
   1.2130000e+00
   1.2070000e+00
   1.1970000e+00
   1.1870000e+00
   1.1760000e+00
   1.1670000e+00
   1.1580000e+00
   1.1480000e+00
   1.1400000e+00
   1.1290000e+00
   1.1120000e+00
   1.1080000e+00
   1.1010000e+00
   1.0850000e+00
   1.0900000e+00
   1.0750000e+00
   1.0650000e+00
   1.0550000e+00
   1.0470000e+00
   1.0770000e+00
   1.0740000e+00
   1.0720000e+00
   1.0750000e+00
   1.0860000e+00
   1.0950000e+00
   1.1090000e+00
   1.1090000e+00
   1.1080000e+00
   1.1040000e+00
   1.1130000e+00
   1.1040000e+00
   1.0960000e+00
   1.0960000e+00
   1.0970000e+00
   1.0920000e+00
   1.0970000e+00
   1.0880000e+00
   1.0770000e+00
   1.0720000e+00
   1.0650000e+00
   1.0580000e+00
   1.0530000e+00
   1.0460000e+00
   1.0420000e+00
   1.0530000e+00
   1.0530000e+00
   1.0590000e+00
   1.0630000e+00
   1.0580000e+00
   1.0550000e+00
   1.0500000e+00
   1.0480000e+00
   1.0370000e+00
   1.0300000e+00
   1.0150000e+00
   9.9600000e-01
   9.8700000e-01
   9.8600000e-01
   9.7900000e-01
   9.7700000e-01
   9.8200000e-01
   9.8500000e-01
   9.7700000e-01
   9.7100000e-01
   9.6800000e-01
   9.6000000e-01
   9.4900000e-01
   9.5500000e-01
   9.6300000e-01
   1.0170000e+00
   1.0560000e+00
   1.1210000e+00
   1.1580000e+00
   1.1790000e+00
   1.1750000e+00
   1.1710000e+00
   1.1760000e+00
   1.1800000e+00
   1.1800000e+00
   1.1660000e+00
   1.1510000e+00
   1.1520000e+00
   1.1480000e+00
   1.1630000e+00
   1.1530000e+00
   1.1650000e+00
   1.1820000e+00
   1.2080000e+00
   1.2320000e+00
   1.2340000e+00
   1.2460000e+00
   1.2750000e+00
   1.2730000e+00
   1.2730000e+00
   1.2820000e+00
   1.2900000e+00
   1.3070000e+00
   1.3020000e+00
   1.2960000e+00
   1.2900000e+00
   1.2770000e+00
   1.2770000e+00
   1.2710000e+00
   1.2740000e+00
   1.2920000e+00
   1.3090000e+00
   1.3150000e+00
   1.3130000e+00
   1.3150000e+00
   1.3100000e+00
   1.3140000e+00
   1.3120000e+00
   1.3040000e+00
   1.3180000e+00
   1.3540000e+00
   1.3550000e+00
   1.3640000e+00
   1.3940000e+00
   1.4430000e+00
   1.4580000e+00
   1.5390000e+00
   1.5660000e+00
   1.5690000e+00
   1.5490000e+00
   1.5430000e+00
   1.5160000e+00
   1.4860000e+00
   1.4780000e+00
   1.4610000e+00
   1.4950000e+00
   1.5310000e+00
   1.5660000e+00
   1.5790000e+00
   1.5990000e+00
   1.6640000e+00
   1.7110000e+00
   1.6910000e+00
   1.6610000e+00
   1.6300000e+00
   1.5860000e+00
   1.5620000e+00
   1.5140000e+00
   1.5040000e+00
   1.4890000e+00
   1.5080000e+00
   1.5210000e+00
   1.5680000e+00
   1.5980000e+00
   1.5990000e+00
   1.5860000e+00
   1.5630000e+00
   1.5410000e+00
   1.5780000e+00
   1.5880000e+00
   1.5840000e+00
   1.5650000e+00
   1.5620000e+00
   1.5500000e+00
   1.5490000e+00
   1.5260000e+00
   1.4900000e+00
   1.4620000e+00
   1.4530000e+00
   1.4460000e+00
   1.4650000e+00
   1.5130000e+00
   1.5110000e+00
   1.5000000e+00
   1.4830000e+00
   1.5150000e+00
   1.4890000e+00
   1.4710000e+00
   1.4570000e+00
   1.4530000e+00
   1.4440000e+00
   1.4450000e+00
   1.4820000e+00
   1.5400000e+00
   1.6100000e+00
   1.6580000e+00
   1.6650000e+00
   1.7390000e+00
   1.7480000e+00
   1.7240000e+00
   1.7390000e+00
   1.7150000e+00
   1.6880000e+00
   1.6440000e+00
   1.5830000e+00
   1.5200000e+00
   1.4840000e+00
   1.4590000e+00
   1.4400000e+00
   1.4280000e+00
   1.4190000e+00
   1.4340000e+00
   1.4670000e+00
   1.5230000e+00
   1.5790000e+00
   1.5620000e+00
   1.5640000e+00
   1.5220000e+00
   1.4550000e+00
   1.3930000e+00
   1.3510000e+00
   1.3070000e+00
   1.2770000e+00
   1.2490000e+00
   1.2240000e+00
   1.2080000e+00
   1.1680000e+00
   1.1490000e+00
   1.1360000e+00
   1.1010000e+00
   1.1130000e+00
   1.1370000e+00
   1.1520000e+00
   1.1520000e+00
   1.1460000e+00
   1.1420000e+00
   1.1570000e+00
   1.1480000e+00
   1.1570000e+00
   1.1570000e+00
   1.1850000e+00
   1.2620000e+00
   1.3280000e+00
   1.3820000e+00
   1.4120000e+00
   1.4540000e+00
   1.4460000e+00
   1.4460000e+00
   1.4350000e+00
   1.4370000e+00
   1.4310000e+00
   1.4390000e+00
   1.4290000e+00
   1.4330000e+00
   1.4170000e+00
   1.4190000e+00
   1.4250000e+00
   1.4330000e+00
   1.4230000e+00
   1.4350000e+00
   1.4510000e+00
   1.4470000e+00
   1.4370000e+00
   1.4350000e+00
   1.4340000e+00
   1.4440000e+00
   1.4360000e+00
   1.4370000e+00
   1.4420000e+00
   1.4360000e+00
   1.4550000e+00
   1.4800000e+00
   1.4810000e+00
   1.4990000e+00
   1.4850000e+00
   1.4890000e+00
   1.4800000e+00
   1.4510000e+00
   1.4230000e+00
   1.4080000e+00
   1.4040000e+00
   1.4070000e+00
   1.4430000e+00
   1.4840000e+00
   1.4870000e+00
   1.4960000e+00
   1.5020000e+00
   1.5150000e+00
   1.5690000e+00
   1.6490000e+00
   1.7010000e+00
   1.6990000e+00
   1.7260000e+00
   1.7520000e+00
   1.7680000e+00
   1.7320000e+00
   1.6920000e+00
   1.6730000e+00
   1.6390000e+00
   1.6180000e+00
   1.6000000e+00
   1.5560000e+00
   1.5340000e+00
   1.5390000e+00
   1.5280000e+00
   1.5140000e+00
   1.5300000e+00
   1.5580000e+00
   1.5370000e+00
   1.5280000e+00
   1.5300000e+00
   1.5630000e+00
   1.5660000e+00
   1.5580000e+00
   1.5760000e+00
   1.6110000e+00
   1.6680000e+00
   1.7870000e+00
   1.7860000e+00
   1.7580000e+00
   1.7390000e+00
   1.6860000e+00
   1.6350000e+00
   1.6170000e+00
   1.6110000e+00
   1.6120000e+00
   1.5840000e+00
   1.5770000e+00
   1.5470000e+00
   1.5400000e+00
   1.5540000e+00
   1.5330000e+00
   1.5190000e+00
   1.5090000e+00
   1.5280000e+00
   1.5210000e+00
   1.5520000e+00
   1.6030000e+00
   1.6370000e+00
   1.6640000e+00
   1.6600000e+00
   1.6810000e+00
   1.6900000e+00
   1.7300000e+00
   1.7580000e+00
   1.7800000e+00
   1.7670000e+00
   1.7850000e+00
   1.8000000e+00
   1.8220000e+00
   1.8270000e+00
   1.8530000e+00
   1.8530000e+00
   1.8840000e+00
   1.9790000e+00
   2.0550000e+00
   2.1040000e+00
   2.0920000e+00
   2.0750000e+00
   2.0290000e+00
   1.9810000e+00
   1.9650000e+00
   1.9390000e+00
   1.9590000e+00
   1.9710000e+00
   1.9480000e+00
   1.9300000e+00
   1.9200000e+00
   1.9170000e+00
   1.9260000e+00
   1.9090000e+00
   1.8930000e+00
   1.8890000e+00
   1.9080000e+00
   1.9590000e+00
   1.9800000e+00
   2.0350000e+00
   2.0770000e+00
   2.0740000e+00
   2.0760000e+00
   2.0450000e+00
   2.0140000e+00
   1.9920000e+00
   1.9890000e+00
   1.9560000e+00
   1.8930000e+00
   1.8610000e+00
   1.8380000e+00
   1.8240000e+00
   1.8370000e+00
   1.8630000e+00
   1.8960000e+00
   1.9530000e+00
   1.9520000e+00
   1.9410000e+00
   1.9480000e+00
   1.9690000e+00
   2.0400000e+00
   2.0980000e+00
   2.1490000e+00
   2.1940000e+00
   2.2580000e+00
   2.3210000e+00
   2.2800000e+00
   2.2790000e+00
   2.2770000e+00
   2.2310000e+00
   2.2060000e+00
   2.1690000e+00
   2.1410000e+00
   2.1590000e+00
   2.1730000e+00
   2.2040000e+00
   2.2570000e+00
   2.2680000e+00
   2.3690000e+00
   2.3600000e+00
   2.3330000e+00
   2.3350000e+00
   2.4100000e+00
   2.5920000e+00
   2.6540000e+00
   2.6530000e+00
   3.1170000e+00
   3.0020000e+00
   2.8350000e+00
   2.8510000e+00
   2.9750000e+00
   2.8960000e+00
   2.7750000e+00
   2.6520000e+00
   2.5280000e+00
   2.4240000e+00
   2.3420000e+00
   2.2470000e+00
   2.2000000e+00
   2.1910000e+00
   2.2280000e+00
   2.2550000e+00
   2.2410000e+00
   2.2810000e+00
   2.3710000e+00
   2.3660000e+00
   2.3820000e+00
   2.4020000e+00
   2.3880000e+00
   2.3310000e+00
   2.2860000e+00
   2.2980000e+00
   2.3730000e+00
   2.4080000e+00
   2.5480000e+00
   2.5420000e+00
   2.6310000e+00
   2.7270000e+00
   2.8280000e+00
   2.9600000e+00
   2.9660000e+00
   2.9550000e+00
   2.9920000e+00
   2.9380000e+00
   2.9130000e+00
   2.9370000e+00
   2.9510000e+00
   2.9170000e+00
   2.9140000e+00
   2.9790000e+00
   3.0170000e+00
   3.0330000e+00
   3.0480000e+00
   3.0500000e+00
   3.0830000e+00
   3.0470000e+00
   2.9710000e+00
   2.8930000e+00
   2.7770000e+00
   2.6700000e+00
   2.5490000e+00
   2.4290000e+00
   2.3600000e+00
   2.3100000e+00
   2.2740000e+00
   2.2550000e+00
   2.2640000e+00
   2.2460000e+00
   2.2780000e+00
   2.2850000e+00
   2.2920000e+00
   2.3420000e+00
   2.3400000e+00
   2.3660000e+00
   2.3870000e+00
   2.3820000e+00
   2.3540000e+00
   2.2800000e+00
   2.2160000e+00
   2.2130000e+00
   2.2370000e+00
   2.2870000e+00
   2.3410000e+00
   2.4280000e+00
   2.5510000e+00
   2.6050000e+00
   2.6230000e+00
   2.6550000e+00
   2.7530000e+00
   2.8480000e+00
   2.9220000e+00
   2.9170000e+00
   3.0170000e+00
   3.0970000e+00
   3.1430000e+00
   3.2580000e+00
   3.2500000e+00
   3.2000000e+00
   3.1220000e+00
   3.0570000e+00
   3.0290000e+00
   3.0050000e+00
   3.0260000e+00
   3.0920000e+00
   3.0050000e+00
   2.9260000e+00
   2.8880000e+00
   2.8210000e+00
   2.8320000e+00
   2.7960000e+00
   2.8400000e+00
   2.8620000e+00
   2.8350000e+00
   2.8600000e+00
   2.8380000e+00
   2.8210000e+00
   2.8130000e+00
   2.8730000e+00
   2.9210000e+00
   3.0600000e+00
   3.1580000e+00
   3.1480000e+00
   3.1470000e+00
   3.1130000e+00
   3.0530000e+00
   3.0500000e+00
   3.0320000e+00
   3.1040000e+00
   3.1590000e+00
   3.1190000e+00
   3.0700000e+00
   3.0300000e+00
   3.0300000e+00
   3.0110000e+00
   3.0920000e+00
   3.1800000e+00
   3.2120000e+00
   3.2730000e+00
   3.3320000e+00
   3.3100000e+00
   3.3390000e+00
   3.3810000e+00
   3.4380000e+00
   3.5570000e+00
   3.6530000e+00
   3.6630000e+00
   3.7710000e+00
   3.8400000e+00
   3.9860000e+00
   4.0260000e+00
   4.0900000e+00
   4.1340000e+00
   4.1310000e+00
   4.1460000e+00
   4.1650000e+00
   4.1640000e+00
   4.1180000e+00
   4.0100000e+00
   3.9350000e+00
   3.8640000e+00
   3.7940000e+00
   3.7380000e+00
   3.7330000e+00
   3.7010000e+00
   3.8870000e+00
   3.7720000e+00
   3.6870000e+00
   3.5430000e+00
   3.2130000e+00
   2.9740000e+00
   2.7180000e+00
   2.4620000e+00
   2.2840000e+00
   2.1320000e+00
   1.9520000e+00
   1.8700000e+00
   1.7580000e+00
   1.7160000e+00
   1.7100000e+00
   1.6700000e+00
   1.7370000e+00
   1.8350000e+00
   1.8980000e+00
   1.8900000e+00
   1.9440000e+00
   1.9780000e+00
   2.0160000e+00
   1.9630000e+00
   1.9880000e+00
   1.9930000e+00
   1.9640000e+00
   2.0140000e+00
   2.0970000e+00
   2.0900000e+00
   2.1040000e+00
   2.1120000e+00
   2.1020000e+00
   2.1290000e+00
   2.2900000e+00
   2.3600000e+00
   2.4850000e+00
   2.5720000e+00
   2.6730000e+00
   2.7220000e+00
   2.7430000e+00
   2.6950000e+00
   2.6660000e+00
   2.5840000e+00
   2.5190000e+00
   2.5570000e+00
   2.6100000e+00
   2.7000000e+00
   2.6910000e+00
   2.6820000e+00
   2.6670000e+00
   2.6420000e+00
   2.6320000e+00
   2.6070000e+00
   2.5540000e+00
   2.5230000e+00
   2.5430000e+00
   2.6260000e+00
   2.7270000e+00
   2.7460000e+00
   2.7200000e+00
   2.6840000e+00
   2.6940000e+00
   2.6840000e+00
   2.6890000e+00
   2.6550000e+00
   2.6450000e+00
   2.6620000e+00
   2.7180000e+00
   2.8040000e+00
   2.7930000e+00
   2.7600000e+00
   2.7170000e+00
   2.7070000e+00
   2.6640000e+00
   2.7090000e+00
   2.7560000e+00
   2.8040000e+00
   2.8410000e+00
   2.8700000e+00
   2.8510000e+00
   2.8770000e+00
   2.9090000e+00
   2.9110000e+00
   2.9010000e+00
   2.9500000e+00
   2.9580000e+00
   2.9180000e+00
   2.8420000e+00
   2.7840000e+00
   2.7800000e+00
   2.7560000e+00
   2.7950000e+00
   2.8090000e+00
   2.7790000e+00
   2.7710000e+00
   2.7750000e+00
   2.8010000e+00
   2.7880000e+00
   2.8350000e+00
   2.7980000e+00
   2.7590000e+00
   2.7360000e+00
   2.7350000e+00
   2.7720000e+00
   2.7750000e+00
   2.7470000e+00
   2.7840000e+00
   2.8710000e+00
   2.8870000e+00
   2.8700000e+00
   2.8610000e+00
   2.9170000e+00
   2.9440000e+00
   2.9310000e+00
   2.9120000e+00
   3.0130000e+00
   3.0350000e+00
   3.0370000e+00
   3.1060000e+00
   3.1240000e+00
   3.1420000e+00
   3.1580000e+00
   3.1630000e+00
   3.1550000e+00
   3.1850000e+00
   3.1930000e+00
   3.2430000e+00
   3.4350000e+00
   3.5720000e+00
   3.6210000e+00
   3.6170000e+00
   3.6500000e+00
   3.7370000e+00
   3.8430000e+00
   3.8960000e+00
   3.9320000e+00
   4.0140000e+00
   4.0180000e+00
   4.0140000e+00
   3.9040000e+00
   3.8480000e+00
   3.8330000e+00
   3.7670000e+00
   3.7080000e+00
   3.6310000e+00
   3.6340000e+00
   3.6950000e+00
   3.7360000e+00
   3.7540000e+00
   3.7660000e+00
   3.7300000e+00
   3.6620000e+00
   3.6380000e+00
   3.6820000e+00
   3.7270000e+00
   3.7150000e+00
   3.6570000e+00
   3.5680000e+00
   3.4920000e+00
   3.4760000e+00
   3.5330000e+00
   3.5200000e+00
   3.5110000e+00
   3.4820000e+00
   3.4950000e+00
   3.4270000e+00
   3.3680000e+00
   3.3500000e+00
   3.3460000e+00
   3.2900000e+00
   3.3170000e+00
   3.3580000e+00
   3.4410000e+00
   3.4510000e+00
   3.4500000e+00
   3.5000000e+00
   3.5420000e+00
   3.5840000e+00
   3.6520000e+00
   3.7800000e+00
   3.8490000e+00
   3.8840000e+00
   3.9230000e+00
   3.9730000e+00
   3.9960000e+00
   3.9970000e+00
   3.9800000e+00
   3.9290000e+00
   3.8890000e+00
   3.8490000e+00
   3.8140000e+00
   3.7730000e+00
   3.7280000e+00
   3.6710000e+00
   3.6290000e+00
   3.5890000e+00
   3.4940000e+00
   3.4150000e+00
   3.4690000e+00
   3.4850000e+00
   3.5540000e+00
   3.5680000e+00
   3.7020000e+00
   3.7790000e+00
   3.8030000e+00
   3.8370000e+00
   3.9030000e+00
   3.9070000e+00
   3.9390000e+00
   3.8890000e+00
   3.8660000e+00
   3.9140000e+00
   3.8860000e+00
   3.7560000e+00
   3.6380000e+00
   3.5630000e+00
   3.5180000e+00
   3.4970000e+00
   3.5050000e+00
   3.4630000e+00
   3.4190000e+00
   3.3240000e+00
   3.3280000e+00
   3.3690000e+00
   3.3730000e+00
   3.3770000e+00
   3.3860000e+00
   3.4270000e+00
   3.6040000e+00
   3.6770000e+00
   3.8120000e+00
   3.8510000e+00
   3.8260000e+00
   3.7790000e+00
   3.7640000e+00
   3.7460000e+00
   3.7140000e+00
   3.6760000e+00
   3.6110000e+00
   3.6030000e+00
   3.5870000e+00
   3.6020000e+00
   3.6650000e+00
   3.7290000e+00
   3.7040000e+00
   3.7050000e+00
   3.7150000e+00
   3.6890000e+00
   3.6450000e+00
   3.5670000e+00
   3.5630000e+00
   3.7060000e+00
   3.7510000e+00
   3.7160000e+00
   3.7010000e+00
   3.6330000e+00
   3.6220000e+00
   3.6230000e+00
   3.6780000e+00
   3.6580000e+00
   3.6190000e+00
   3.5670000e+00
   3.4990000e+00
   3.4410000e+00
   3.4300000e+00
   3.4350000e+00
   3.3720000e+00
   3.3430000e+00
   3.2740000e+00
   3.2980000e+00
   3.3720000e+00
   3.3530000e+00
   3.3500000e+00
   3.3210000e+00
   3.3510000e+00
   3.4090000e+00
   3.4110000e+00
   3.4060000e+00
   3.3760000e+00
   3.3750000e+00
   3.3720000e+00
   3.3880000e+00
   3.4570000e+00
   3.5200000e+00
   3.5530000e+00
   3.5840000e+00
   3.6190000e+00
   3.6220000e+00
   3.6510000e+00
   3.6700000e+00
   3.7250000e+00
   3.7580000e+00
   3.7880000e+00
   3.7610000e+00
   3.7460000e+00
   3.7430000e+00
   3.7500000e+00
   3.7650000e+00
   3.7490000e+00
   3.7600000e+00
   3.7780000e+00
   3.7780000e+00
   3.7530000e+00
   3.7120000e+00
   3.6710000e+00
   3.6170000e+00
   3.5950000e+00
   3.5820000e+00
   3.5490000e+00
   3.5320000e+00
   3.5360000e+00
   3.5340000e+00
   3.4850000e+00
   3.4320000e+00
   3.4340000e+00
   3.3820000e+00
   3.2920000e+00
   3.2050000e+00
   3.1390000e+00
   3.0770000e+00
   3.0250000e+00
   2.9780000e+00
   2.9070000e+00
   2.8640000e+00
   2.7670000e+00
   2.6430000e+00
   2.4960000e+00
   2.3920000e+00
   2.3080000e+00
   2.2320000e+00
   2.1570000e+00
   2.1330000e+00
   2.1540000e+00
   2.2760000e+00
   2.3580000e+00
   2.4150000e+00
   2.5560000e+00
   2.5700000e+00
   2.5370000e+00
   2.5380000e+00
   2.5310000e+00
   2.4990000e+00
   2.4940000e+00
   2.5700000e+00
   2.6560000e+00
   2.7490000e+00
   2.7760000e+00
   2.8270000e+00
   2.8570000e+00
   2.8630000e+00
   2.8630000e+00
   2.9180000e+00
   2.8950000e+00
   2.8850000e+00
   2.8770000e+00
   2.9200000e+00
   2.8880000e+00
   2.8330000e+00
   2.7790000e+00
   2.7200000e+00
   2.8030000e+00
   2.7260000e+00
   2.6020000e+00
   2.5320000e+00
   2.4710000e+00
   2.4250000e+00
   2.4180000e+00
   2.4150000e+00
   2.4320000e+00
   2.3740000e+00
   2.3260000e+00
